Vishal Addala(vxa162530)
Sai Anuhya Devalla(sxd161030)

The neural network was implemented using python 3.2

Commands to run:
	python preprocessingpart1.py adult.data.txt
	python preprocessingpart2.py
	python NeuralNetwork.py

Screenshots have attached to show execution on each dataset

Sample run:
python preprocessingpart1.py adult.data.txt
python preprocessingpart2.py 
enter the name of the csv file to preprocess
output.txt
enter the name of the csv file
adultscaleddataset.txt
python NeuralNetwork.py
enter name of dataset
filename:
adultscaleddataset.txt
enter the training percent80
enter error tolerance2
enter number of epoches2
enter number of hidden layers2
enter neurons in each layer2
enter neurons in each layer2

Output:
train error=0.376
hidden layer 1
neuron 1
[0.053510296658398016, 0.975041084358333, 0.8041162089727792, 0.7946863558440223, 0.09098558499019738, 0.8190171339772462, 0.032550224489713675, 0.06981747715889508, 0.10775018280619753, 0.697203165956446, 0.8165216344324677, 0.6248284063570302, 0.9751368917296376, 0.3116029397752508, 0.2693801510683477, 0.04024944345411652, 0.46455053169349103, 0.120435106237881, 0.22264670033507306, 0.8171110324100175, 0.9215882570448727, 0.5847244180767996, 0.36938729735550724, 0.8121536792885949, 0.8701389334544758, 0.3784798950691386, 0.8873589769375356, 0.2031638123729098, 0.5110556243522193, 0.515921160177468, 0.5012927088549246, 0.885659907843487, 0.9302739807755869, 0.24978699868377607, 0.44005033115446, 0.7756254957868974, 0.9234604328452262, 0.388137679294703, 0.3912577467164877, 0.8380630128999107, 0.46276073571262366, 0.7312054412193016, 0.6824071074918131, 0.24448274255110114, 0.15178426871757555, 0.4308028168242539, 0.5766915878712855, 0.4946700541406599, 0.1485522475925939, 0.6568821934212618, 0.8249640669583078, 0.4250669845993382, 0.29128164152429403, 0.12328307317909781, 0.8917945021484932, 0.21436780176617565, 0.937430683096765, 0.3418183745996639, 0.5480520954009412, 0.3287259367774067, 0.9653980519572816, 0.0018965075331095482, 0.6847226862432111, 0.38050635614514583, 0.7933142616554951, 0.7799169285845009, 0.04128109798512747, 0.17244053780777924, 0.1988157950212196, 0.08160134352882464, 0.721920857799403, 0.15801700469652602, 0.716499132157645, 0.41312840514965654, 0.10682809303456808, 0.21128851914616276, 0.14579032215000443, 0.18658890466531597, 0.022899252677646142, 0.36913180469016094, 0.9587994718322469, 0.17558462678140074, 0.6702662996104157, 0.1282031204647226, 0.8989274615350519, 0.7595268861344401, 0.8746790109495587, 0.19496298182401217, 0.8004208451948135, 0.4323039461614192, 0.4051825373977065, 0.6517008840853954, 0.594602682095187, 0.20182397460990198, 0.9188699358660848, 0.14896961585731505, 0.5564084146073717, 0.19355655306082076, 0.6904848166408578, 0.07084523322829706, 0.6715820878146768, 0.5059454287223581, 0.20236226701234672, 0.11921940075667292, 0.8621362301574786, 0.21879167084061502, 0.2520493038011301, 0.6498351492826938, 0.43199923980333366, 0.545884345050979, 0.3213101071037603, 0.061968131052431485, 0.9168270078008935, 0.8668839294783429, 0.5388943378470583, 0.5241841486724373, 0.47041686838604835, 0.14598903231505356, 0.8946410294034076, 0.44740177516731683, 0.9916301851127808, 0.34090895114134734, 0.01334578985370849, 0.4365900484290992, 0.802336159540254, 0.25667533070577064, 0.9309434561822858, 0.06429827281631173, 0.3636523240749897, 0.759519671367444, 0.6057158764116202, 0.9921669351794848, 0.4642086388602459, 0.6414935255236426, 0.7639953804755572, 0.720872148542837, 0.8076969508176679, 0.7636900158223526, 0.9967112563361588, 0.9848236215831152, 0.8586347173931042, 0.8806781695271289, 0.7561182954946718, 0.15922305173735063, 0.9258412436672555, 0.5528339820067136, 0.9680148516815648, 0.30274628398365755, 0.5522254875148565, 0.31141862782879837, 0.7697927375872186, 0.5387728137194485, 0.9060661642579614, 0.1904682526985625, 0.6858750643136232, 0.21400553436174052, 0.6277716795206777, 0.9163826186985183, 0.8282343097560688, 0.5308350678161123, 0.918354014805695, 0.09994587790459886, 0.5337270839977759, 0.8441147064352089, 0.8907720687287052, 0.65719703089674, 0.361129500368106, 0.6835607893640431, 0.012776694586641768, 0.9506407686326189, 0.5896625463339773, 0.145612682707146, 0.11375587588105884, 0.5833445827645555, 0.7950830809544079, 0.2505246111020415, 0.36067314792286054, 0.5581629476106729, 0.28978671280941304, 0.05563268571498825, 0.1543697819280454, 0.7322170436461639, 0.44628213073573963, 0.5087085034956779, 0.7895193689597922, 0.8002775464695326, 0.352328852703475, 0.6868686218445982, 0.058929568906092245, 0.2260773227338636, 0.8132919493682934, 0.9015732383317236, 0.9863639076399108, 0.12329245916731169, 0.3160406055750389, 0.48989597714077315, 0.6650376831304585, 0.2041122281137676, 0.06591115704241113, 0.540792325773095, 0.2472772557222802, 0.3732656925594805, 0.14573038871703525, 0.7831484215778592, 0.18446361531510724, 0.08448229260651963, 0.17042829167244455, 0.040265707408583484, 0.3510243760555606, 0.24672801577218495, 0.2168676358416165, 0.05632019076632555, 0.20176599589838995, 0.5379248324011653, 0.3193414238546485, 0.7120972543831084, 0.7524468107518814, 0.3732279079452898, 0.047055750360723514, 0.44768936512775437, 0.3044798334912806, 0.8139096970979298, 0.11129805996513042, 0.9323091480726569, 0.6888701644672224, 0.472573772265216, 0.11739617941955782, 0.7113185356680558, 0.8198785191627415, 0.26944200539687524, 0.7615864458089984, 0.49616348807290256, 0.6146681105033908, 0.5701331044084683, 0.44187582502221934, 0.0968001071417498, 0.7519097819329635, 0.7587382639602984, 0.5332443303949205, 0.9696902599996227, 0.5050927550725767, 0.268119976587452, 0.1102289273297612, 0.008160485536770179, 0.7185109946396012, 0.7661972977345273, 0.05959687003939007, 0.3393702179121567, 0.7202989050708642, 0.4359828148669107, 0.9569543279717291, 0.7622699047744732, 0.8457951594988335, 0.6116414083188142, 0.540888054993756, 0.9632603204610397, 0.47252535844809995, 0.7886038640032024, 0.3995238636966765, 0.71309648077866, 0.19951232033745714, 0.7631643193607746, 0.5791918666367611, 0.6680995701595125, 0.9247949142951336, 0.9676487078946285, 0.9481915406459427, 0.8556246935601922, 0.8119676437776148, 0.20555366814457832, 0.8938592591970893, 0.21324115904133145, 0.5142823167370205, 0.7747464336115923, 0.9361601879213722, 0.6817617934896857, 0.5613543057609608, 0.121386178128284, 0.49159450387607273, 0.13042019104671432, 0.6397071045053198, 0.23476666962305492, 0.4438178841624075, 0.4413092308676657, 0.3711987569143139, 0.09805512391727811, 0.16838858901042486, 0.41110674939909075, 0.5879760635596403, 0.15104246816835853, 0.681777484586513, 0.854544848114195, 0.469436769705586, 0.3950963619511003, 0.33004983939128196, 0.6257867088186955, 0.7129708838401362, 0.9615224081284052, 0.375719219576094, 0.8443971720213749, 0.3070587819477044, 0.521925829850439, 0.6361691781375042, 0.14278990609609388]
neuron 2
[0.8014829878924435, 0.9753155862056798, 0.9192367153083686, 0.6507275442194947, 0.03045905866794263, 0.7612001078688663, 0.5059088112527599, 0.3581128275115799, 0.11916065569805279, 0.38398974391825746, 0.3250561109246093, 0.4674893341511416, 0.7634188025531731, 0.2959565858124543, 0.18010782366214495, 0.8110137712684647, 0.3857751207611819, 0.7510261594949423, 0.5833558915946646, 0.4205921420989449, 0.6929176241926247, 0.15459608868621277, 0.7875234154387447, 0.9456187668857448, 0.5834594179475946, 0.771066865985462, 0.8447355631244866, 0.45684363971247754, 0.32833619766208366, 0.02724569531756693, 0.1715135161853022, 0.7896467234976459, 0.21742348135445222, 0.613391003222857, 0.25492069041035137, 0.38081234314610135, 0.4339189076696176, 0.5344906074866729, 0.6645198773705743, 0.7921457916732313, 0.9275036677732864, 0.021086527052730286, 0.24432025562586634, 0.761298788910386, 0.5894606949240219, 0.532227641080712, 0.2736507619155628, 0.925958842539821, 0.24744860142936043, 0.2369318637200981, 0.4547298194374041, 0.3754132923258666, 0.5039943555528553, 0.9986839480221672, 0.9006313145777834, 0.8796799408907352, 0.46476927678728597, 0.947495237967361, 0.24648511631138348, 0.4433421865137388, 0.18059214377421018, 0.24119940208560653, 0.2728670245572071, 0.6041234815128067, 0.7015334802808921, 0.7354576119777593, 0.19942760006618043, 0.9768125772132057, 0.9244534340159174, 0.4337808466066698, 0.8841094826505627, 0.5745667571145187, 0.21211338721167583, 0.3219911241870391, 0.15276380978922288, 0.31715811686912565, 0.40036897267054106, 0.44586389213007427, 0.9507401749292796, 0.23723539582495712, 0.821338463431896, 0.39411412368259846, 0.3066949716490286, 0.2510916009418175, 0.029373802544519823, 0.6285085209999991, 0.9805109335820691, 0.743926481618491, 0.817701765199263, 0.9207151730914388, 0.21453715082531188, 0.6354857274688589, 0.1765242210055118, 0.4427145300246528, 0.2900694802140956, 0.5389591174509194, 0.8657163132145972, 0.7370368819417967, 0.6135544069626486, 0.023657964572795565, 0.2598307923933848, 0.03736247898851164, 0.7772214226112611, 0.43456481652037016, 0.7208789487633428, 0.0007280825219965203, 0.8436843271429424, 0.39393968018521863, 0.8308884512996154, 0.9100033710881301, 0.29612652946556184, 0.25797826215038144, 0.351298961312534, 0.9694632028198811, 0.8783883941491563, 0.5033873619151412, 0.8378727324104706, 0.8170529671851031, 0.17392800713934198, 0.7396797050201436, 0.3696795767454848, 0.35458108028011504, 0.4681568457742503, 0.007007674448559209, 0.6774884075880774, 0.669025737044977, 0.46079592981111284, 0.3778230176856189, 0.33365052576636156, 0.11079686705194947, 0.08729808948969275, 0.22475090991885838, 0.7465898075081507, 0.5357450346903324, 0.7535471921542634, 0.1351618308009267, 0.12056615241503021, 0.43048628970285385, 0.7155005680567983, 0.16729306390176402, 0.7766919115632596, 0.9785125806230287, 0.746971062282874, 0.15760021518261413, 0.4405693782841562, 0.22717509704824168, 0.8632401972910295, 0.8120456639400261, 0.18142785328352695, 0.17611971071260224, 0.8517839673406395, 0.07279254647544131, 0.3878874409029306, 0.5695767433218729, 0.5157031315245207, 0.31100168426451336, 0.20321010718157195, 0.24613783690248747, 0.5789883778788983, 0.8238542898046886, 0.4939875490757093, 0.7952613132163955, 0.525480113076372, 0.5344812737546807, 0.5983485611863313, 0.12638680238038624, 0.5030677177834173, 0.3794813117431465, 0.6655281825595487, 0.44355307500143704, 0.1708242924021457, 0.33143056361332723, 0.06222836866392134, 0.9620610056399721, 0.23641082992615658, 0.9077674638710463, 0.011582060688747897, 0.8391379427889222, 0.004296368614105761, 0.8214251301541947, 0.9802110606232276, 0.24047500106241915, 0.2919580090643913, 0.7880406244258369, 0.8733117275376513, 0.9906408103314063, 0.1346758979568572, 0.4890725741741957, 0.8093472940725406, 0.008580142699306403, 0.0936835476793999, 0.07863236617690073, 0.35673153654784806, 0.04274779041958099, 0.3796854748030789, 0.34956587135527883, 0.6455419340484557, 0.2432417876497217, 0.43752208064490794, 0.4026001818019429, 0.7651590236070539, 0.7046302642711934, 0.5287581725163658, 0.23701155574323896, 0.5084745817158719, 0.3555425535036981, 0.47874334353382164, 0.817301480072487, 0.24581991014576, 0.6536522597766319, 0.23098726663050662, 0.4704272062406707, 0.9665938009445684, 0.2344867982364971, 0.16973885381980125, 0.15690575375116322, 0.9762631771516928, 0.47192987280370347, 0.8808622780097132, 0.9693708794106145, 0.861727937148328, 0.8122772384456382, 0.1280186005676457, 0.7351447034301615, 0.6904363940785839, 0.22188274862903057, 0.011870561937007973, 0.25876700411154563, 0.3096687964386021, 0.6084878973767635, 0.8750738207906248, 0.9298471060875348, 0.5664276715352861, 0.1888502335926493, 0.975326828956336, 0.481591322117911, 0.1339419859371258, 0.08720079732251507, 0.9958762596308361, 0.4102372613228864, 0.913338968844516, 0.5266323670163741, 0.32051776956664235, 0.7256830315460109, 0.22825397364491196, 0.15192890097460432, 0.6633458948695365, 0.8280234947134631, 0.3078373634069438, 0.06271838952932107, 0.5820931724009567, 0.2822968409432648, 0.3666643419208713, 0.8852091834869882, 0.5231356396907896, 0.7394681457119014, 0.19377199106792964, 0.5854443291187373, 0.7990486672829065, 0.28008718624670803, 0.10897104948061342, 0.4741683370519215, 0.9985946535586719, 0.13836566308465514, 0.04578255235458051, 0.4803067071639391, 0.8283066794279423, 0.6362001196146359, 0.021238049079860155, 0.782638104744205, 0.9560118700885154, 0.7060798302908812, 0.18746149467060147, 0.6876676204744168, 0.45054100057009205, 0.6462355026055746, 0.47344408783407377, 0.7946704994427287, 0.08482579474800334, 0.25640492426754224, 0.8460283693443442, 0.4715068017291958, 0.3027440991113247, 0.18757739432134746, 0.22593866152347042, 0.35716624265551544, 0.2318735363544011, 0.786820935534061, 0.3833688551170241, 0.33644424118713423, 0.9612485655245118, 0.34697031216305696, 0.9867212409060866, 0.4370428043575194, 0.7684702649178473, 0.16772212338141612, 0.09458984341928445, 0.4803401169057524, 0.699750334543038, 0.4539886164121061, 0.49716312819288, 0.5339734650143089, 0.4922980384559955, 0.1336776982632587]
hidden layer 2
neuron 1
[-0.7327347244511856, -1.0018879165194068, -0.8113863249351555]
neuron 2
[-0.7253680220283502, -0.9544838187133283, -0.9646049751553673]
output layer
neuron 1
[-2.2209010972262258, -1.5658778312770663, -4.8895701316767335]
neuron 2
[-0.07004520276216629, 0.23227755028449615, 0.8406218801492784]
neuron 3
[-0.0445843800379362, 0.2337207925943263, -0.8632303164828126]
Test Error is
0.2541894806703169
Accuracy for test model
74.58105193296831


